1.000000000000000000e+00 2.803738317757009657e-02 6.779661016949156682e-02 5.405405405405405705e-02 2.777777777777779011e-02 4.347826086956518843e-02 0.000000000000000000e+00 2.752293577981657080e-02 5.494505494505497190e-02 4.119850187265916563e-02 8.264462809917327846e-03 0.000000000000000000e+00 2.173913043478259421e-02 2.439024390243904605e-02 1.333333333333330817e-02 2.040816326530614511e-02 2.580645161290318068e-02 3.669724770642202039e-02 4.301075268817200481e-02 0.000000000000000000e+00 7.692307692307687184e-02 2.358490566037740876e-02 2.857142857142858094e-02 3.738317757009346209e-02 3.846153846153843592e-02 3.597122302158273222e-02 1.408450704225350236e-02 4.444444444444439757e-02 9.900990099009909784e-03 8.333333333333337034e-02 2.105263157894732284e-02 1.754385964912286155e-02 3.597122302158273222e-02 3.125000000000000000e-02 1.273885350318471055e-02 3.658536585365856908e-02 1.666666666666671848e-02 3.296703296703296093e-02 4.411764705882348370e-02 1.136363636363635354e-02 4.545454545454541417e-02 2.352941176470590978e-02 2.500000000000002220e-02 4.166666666666662966e-02 2.304147465437789144e-02 0.000000000000000000e+00 2.325581395348841340e-02 2.777777777777779011e-02 8.695652173913037686e-02 0.000000000000000000e+00 3.846153846153843592e-02 0.000000000000000000e+00 2.702702702702697302e-02 4.000000000000003553e-02 4.761904761904767192e-02 7.142857142857139685e-02 0.000000000000000000e+00 3.691275167785235123e-02 4.605263157894734505e-02 2.777777777777779011e-02 0.000000000000000000e+00 1.474926253687314226e-02 2.272727272727270709e-02 0.000000000000000000e+00 4.854368932038832796e-02 4.651162790697671578e-02 3.125000000000000000e-02 5.555555555555558023e-02 0.000000000000000000e+00 5.172413793103447510e-02 2.173913043478259421e-02 2.040816326530614511e-02 3.191489361702126715e-02 1.851851851851848973e-02 5.755395683453234934e-02 4.878048780487809211e-02 1.851851851851848973e-02 4.347826086956518843e-02 0.000000000000000000e+00 1.176470588235294379e-01 1.234567901234573384e-02 2.040816326530614511e-02 2.325581395348841340e-02 2.083333333333337034e-02 0.000000000000000000e+00 3.508771929824561209e-02 1.612903225806450180e-02 2.898550724637682929e-02 0.000000000000000000e+00 1.807228915662650870e-02 1.785714285714290472e-02 3.728813559322030624e-02 2.409638554216864126e-02 0.000000000000000000e+00 2.127659574468088177e-02 5.000000000000004441e-02 2.500000000000002220e-02 2.380952380952383596e-02 6.741573033707859430e-02 1.388888888888883955e-02
2.803738317757009657e-02 1.000000000000000000e+00 4.464285714285709528e-02 2.197802197802201096e-02 3.589743589743588092e-02 5.882352941176471894e-02 7.446808510638303069e-02 7.096774193548383014e-02 5.633802816901412047e-02 7.443365695792880654e-02 6.024096385542165866e-02 1.063829787234038537e-02 7.246376811594201772e-02 2.127659574468088177e-02 8.994708994708999761e-02 0.000000000000000000e+00 8.673469387755106119e-02 6.870229007633588125e-02 5.982905982905983855e-02 3.191489361702126715e-02 0.000000000000000000e+00 7.114624505928857090e-02 5.882352941176471894e-02 6.451612903225800721e-02 4.651162790697671578e-02 6.211180124223603105e-02 2.439024390243904605e-02 6.474820143884896240e-02 6.849315068493155856e-02 2.912621359223299677e-02 3.424657534246577928e-02 4.672897196261682762e-02 7.547169811320753041e-02 4.494382022471909988e-02 5.445544554455450381e-02 4.745762711864409678e-02 3.603603603603600103e-02 2.068965517241383445e-02 2.459016393442625681e-02 2.142857142857146346e-02 4.166666666666662966e-02 8.056872037914697415e-02 1.063829787234038537e-02 5.154639175257735850e-02 3.759398496240606846e-02 0.000000000000000000e+00 2.083333333333337034e-02 8.726415094339623479e-02 5.479452054794520244e-02 2.857142857142858094e-02 1.886792452830188260e-02 6.400000000000005684e-02 6.029106029106023890e-02 9.523809523809489974e-03 3.157894736842103978e-02 4.878048780487809211e-02 2.521008403361346684e-02 9.337349397590366529e-02 8.121827411167514832e-02 4.065040650406503975e-02 0.000000000000000000e+00 5.570291777188329796e-02 3.597122302158273222e-02 3.125000000000000000e-02 7.284768211920533698e-02 1.020408163265307255e-02 4.347826086956518843e-02 7.751937984496137801e-03 5.263157894736836262e-02 1.769911504424781512e-02 0.000000000000000000e+00 9.473684210526311933e-02 8.296943231441045175e-02 3.809523809523807092e-02 1.515151515151513806e-02 3.703703703703697947e-02 1.869158878504673105e-02 2.958579881656808741e-02 1.980198019801981957e-02 7.766990291262132473e-02 5.426356589147285359e-02 7.692307692307687184e-02 1.428571428571423496e-02 5.102040816326525174e-02 9.708737864077665591e-03 3.669724770642202039e-02 6.363636363636360205e-02 5.932203389830503770e-02 1.063829787234038537e-02 6.190476190476190688e-02 2.777777777777779011e-02 4.651162790697671578e-02 7.177033492822970651e-02 0.000000000000000000e+00 1.194029850746268773e-01 1.219512195121951192e-01 3.508771929824561209e-02 1.041666666666662966e-02 5.673758865248224037e-02 1.043478260869564744e-01
6.779661016949156682e-02 4.464285714285709528e-02 1.000000000000000000e+00 4.545454545454541417e-02 1.307189542483655487e-02 2.597402597402598268e-02 3.846153846153843592e-02 1.709401709401714431e-02 6.185567010309278579e-02 7.142857142857139685e-02 4.032258064516125451e-02 2.127659574468088177e-02 5.208333333333337034e-02 2.083333333333337034e-02 7.432432432432434233e-02 1.785714285714290472e-02 4.402515723270439274e-02 5.909090909090908283e-02 5.235602094240832116e-02 2.040816326530614511e-02 2.083333333333337034e-02 5.660377358490564781e-02 2.764976958525344752e-02 7.272727272727275150e-02 6.024096385542165866e-02 3.146853146853145766e-02 3.947368421052632748e-02 4.123711340206182019e-02 2.830188679245282390e-02 1.724137931034486204e-02 7.216494845360821309e-02 3.174603174603174427e-02 4.982206405693945239e-02 2.962962962962967239e-02 2.469135802469135665e-02 7.377049180327865940e-02 7.936507936507930516e-02 1.000000000000000888e-02 4.000000000000003553e-02 7.865168539325839703e-02 6.000000000000005329e-02 7.738095238095232808e-02 6.666666666666665186e-02 7.534246575342462560e-02 2.690582959641252270e-02 0.000000000000000000e+00 0.000000000000000000e+00 4.810126582278484442e-02 7.000000000000006217e-02 3.389830508474578341e-02 0.000000000000000000e+00 4.878048780487809211e-02 1.758241758241763097e-02 1.346153846153845812e-01 0.000000000000000000e+00 6.493506493506495669e-02 4.166666666666662966e-02 5.685618729096986179e-02 2.469135802469135665e-02 3.846153846153843592e-02 0.000000000000000000e+00 3.235294117647058432e-02 3.191489361702126715e-02 6.122448979591832430e-02 8.490566037735847171e-02 4.000000000000003553e-02 1.388888888888883955e-02 5.063291139240511107e-02 2.816901408450700472e-02 7.936507936507930516e-02 3.846153846153843592e-02 3.636363636363637575e-02 8.064516129032262004e-02 1.639344262295083787e-02 2.666666666666661634e-02 2.197802197802201096e-02 3.333333333333332593e-02 3.252032520325198739e-02 1.818181818181818787e-02 8.474576271186440302e-02 4.705882352941181956e-02 4.901960784313730279e-02 3.260869565217394683e-02 1.666666666666666297e-01 1.785714285714290472e-02 8.196721311475407834e-02 6.060606060606055223e-02 4.000000000000003553e-02 4.347826086956518843e-02 2.923976608187128789e-02 6.666666666666665186e-02 3.642384105960261298e-02 4.733727810650889545e-02 2.173913043478259421e-02 5.102040816326525174e-02 7.058823529411761832e-02 3.174603174603174427e-02 4.166666666666662966e-02 5.154639175257735850e-02 5.263157894736836262e-02
5.405405405405405705e-02 2.197802197802201096e-02 4.545454545454541417e-02 1.000000000000000000e+00 7.692307692307664979e-03 0.000000000000000000e+00 0.000000000000000000e+00 2.150537634408600240e-02 2.597402597402598268e-02 1.953125000000000000e-02 1.941747572815533118e-02 0.000000000000000000e+00 4.054054054054057055e-02 0.000000000000000000e+00 1.503759398496240518e-02 0.000000000000000000e+00 3.649635036496345908e-02 2.450980392156865140e-02 2.906976744186051675e-02 4.000000000000003553e-02 0.000000000000000000e+00 1.010101010101005503e-02 5.050505050505083027e-03 2.173913043478259421e-02 6.666666666666665186e-02 7.434944237918239551e-03 1.851851851851848973e-02 1.315789473684214617e-02 6.250000000000000000e-02 2.941176470588235947e-02 1.265822784810122226e-02 5.128205128205132191e-02 2.264150943396225912e-02 0.000000000000000000e+00 1.428571428571423496e-02 2.145922746781114832e-02 2.325581395348841340e-02 0.000000000000000000e+00 1.886792452830188260e-02 1.408450704225350236e-02 0.000000000000000000e+00 1.948051948051943150e-02 0.000000000000000000e+00 7.575757575757569029e-03 0.000000000000000000e+00 0.000000000000000000e+00 0.000000000000000000e+00 1.298701298701299134e-02 3.749999999999997780e-02 0.000000000000000000e+00 2.777777777777779011e-02 3.333333333333332593e-02 1.385681293302543082e-02 0.000000000000000000e+00 0.000000000000000000e+00 1.754385964912286155e-02 4.081632653061229021e-02 2.456140350877189515e-02 2.158273381294961712e-02 0.000000000000000000e+00 0.000000000000000000e+00 1.238390092879260163e-02 0.000000000000000000e+00 7.692307692307687184e-02 3.409090909090906063e-02 7.692307692307687184e-02 4.255319148936165252e-02 1.724137931034486204e-02 0.000000000000000000e+00 0.000000000000000000e+00 3.448275862068961306e-02 3.125000000000000000e-02 1.724137931034486204e-02 0.000000000000000000e+00 1.562500000000000000e-02 1.470588235294112422e-02 0.000000000000000000e+00 0.000000000000000000e+00 0.000000000000000000e+00 2.564102564102566095e-02 6.557377049180324047e-02 1.219512195121952303e-02 0.000000000000000000e+00 1.428571428571427937e-01 0.000000000000000000e+00 2.439024390243904605e-02 9.523809523809523281e-02 3.846153846153843592e-02 4.347826086956518843e-02 0.000000000000000000e+00 0.000000000000000000e+00 1.048951048951052289e-02 4.794520547945202438e-02 0.000000000000000000e+00 2.597402597402598268e-02 3.076923076923077094e-02 9.523809523809489974e-03 0.000000000000000000e+00 4.000000000000003553e-02 1.818181818181818787e-02
2.777777777777779011e-02 3.589743589743588092e-02 1.307189542483655487e-02 7.692307692307664979e-03 1.000000000000000000e+00 3.144654088050313767e-02 2.205882352941179736e-02 5.699481865284972137e-02 6.818181818181812126e-02 3.064066852367686167e-02 7.000000000000006217e-02 0.000000000000000000e+00 4.494382022471909988e-02 3.875968992248057798e-02 6.086956521739128601e-02 2.158273381294961712e-02 5.020920502092052207e-02 4.605263157894734505e-02 5.147058823529415683e-02 1.503759398496240518e-02 1.515151515151513806e-02 7.665505226480839873e-02 5.479452054794520244e-02 4.639175257731964486e-02 4.216867469879514996e-02 2.702702702702697302e-02 2.500000000000002220e-02 3.910614525139666231e-02 3.191489361702126715e-02 5.882352941176471894e-02 1.069518716577544382e-02 5.633802816901412047e-02 5.263157894736836262e-02 2.283105022831044550e-02 4.149377593360992211e-02 6.769230769230771827e-02 2.000000000000001776e-02 2.762430939226523385e-02 7.236842105263163738e-02 1.685393258426970409e-02 2.985074626865669156e-02 3.501945525291827455e-02 7.575757575757569029e-03 1.680672268907568156e-02 3.630363036303629887e-02 0.000000000000000000e+00 2.255639097744355226e-02 5.720338983050843318e-02 3.225806451612900361e-02 2.816901408450700472e-02 2.097902097902093477e-02 1.183431952662716835e-02 5.587668593448935628e-02 0.000000000000000000e+00 3.030303030303027612e-02 8.441558441558438819e-02 3.896103896103897402e-02 6.366047745358094367e-02 3.719008264462808633e-02 2.469135802469135665e-02 2.127659574468088177e-02 4.057279236276845058e-02 6.432748538011701100e-02 2.238805970149249092e-02 4.166666666666662966e-02 1.481481481481483620e-02 1.282051282051277497e-02 3.067484662576691612e-02 6.756756756756754356e-02 6.250000000000000000e-02 2.205882352941179736e-02 5.185185185185181567e-02 4.379562043795615089e-02 5.755395683453234934e-02 1.271186440677962715e-02 1.125000000000000444e-01 6.521739130434778264e-02 4.950495049504954892e-02 2.919708029197076726e-02 3.472222222222220989e-02 5.780346820809301178e-03 8.474576271186440302e-02 5.263157894736836262e-02 7.142857142857117481e-03 2.158273381294961712e-02 1.342281879194628935e-02 6.493506493506440158e-03 1.875000000000004441e-02 7.575757575757569029e-03 6.097560975609761513e-02 0.000000000000000000e+00 6.417112299465244085e-02 2.343750000000000000e-02 7.633587786259554697e-03 7.428571428571428825e-02 3.529411764705880916e-02 4.672897196261627251e-03 2.272727272727270709e-02 3.888888888888886175e-02 3.125000000000000000e-02
4.347826086956518843e-02 5.882352941176471894e-02 2.597402597402598268e-02 0.000000000000000000e+00 3.144654088050313767e-02 1.000000000000000000e+00 3.278688524590167575e-02 2.400000000000002132e-02 3.703703703703697947e-02 5.000000000000004441e-02 2.222222222222225430e-02 0.000000000000000000e+00 2.803738317757009657e-02 3.571428571428569843e-02 3.703703703703697947e-02 0.000000000000000000e+00 4.166666666666662966e-02 4.761904761904767192e-02 3.448275862068961306e-02 5.357142857142860315e-02 0.000000000000000000e+00 3.555555555555556246e-02 2.654867256637172268e-02 5.833333333333334814e-02 2.105263157894732284e-02 5.190311418685122913e-02 1.149425287356320435e-02 2.803738317757009657e-02 2.608695652173909085e-02 3.030303030303027612e-02 1.801801801801805603e-02 1.369863013698635612e-02 3.050847457627114956e-02 5.714285714285716189e-02 4.790419161676651161e-02 5.447470817120625419e-02 9.999999999999997780e-02 7.843137254901955124e-02 3.571428571428569843e-02 1.941747572815533118e-02 3.333333333333332593e-02 2.702702702702697302e-02 1.785714285714290472e-02 6.410256410256409687e-02 5.777777777777781676e-02 0.000000000000000000e+00 0.000000000000000000e+00 3.931203931203930413e-02 5.454545454545456362e-02 6.060606060606055223e-02 2.941176470588235947e-02 1.063829787234038537e-02 2.164502164502168924e-02 0.000000000000000000e+00 1.694915254237283619e-02 4.597701149425281741e-02 1.204819277108437614e-02 2.201257861635219637e-02 7.361963190184050987e-02 3.448275862068961306e-02 1.492537313432840129e-02 2.857142857142858094e-02 1.923076923076927347e-02 3.389830508474578341e-02 5.084745762711861961e-02 3.389830508474578341e-02 0.000000000000000000e+00 5.747126436781613279e-02 3.797468354430377779e-02 5.479452054794520244e-02 0.000000000000000000e+00 6.451612903225800721e-02 2.941176470588235947e-02 5.970149253731338312e-02 4.487179487179482340e-02 5.154639175257735850e-02 5.970149253731338312e-02 7.086614173228344971e-02 0.000000000000000000e+00 5.797101449275365859e-02 0.000000000000000000e+00 4.504504504504502904e-02 1.960784313725494332e-02 1.562500000000000000e-02 3.125000000000000000e-02 5.633802816901412047e-02 1.282051282051277497e-02 1.162790697674420670e-02 0.000000000000000000e+00 2.209944751381209826e-02 1.388888888888883955e-02 4.545454545454541417e-02 1.086956521739135262e-02 0.000000000000000000e+00 4.672897196261682762e-02 5.263157894736836262e-02 7.246376811594235079e-03 5.357142857142860315e-02 8.823529411764707842e-02 3.488372093023250908e-02
0.000000000000000000e+00 7.446808510638303069e-02 3.846153846153843592e-02 0.000000000000000000e+00 2.205882352941179736e-02 3.278688524590167575e-02 1.000000000000000000e+00 6.185567010309278579e-02 4.819277108433739354e-02 1.509433962264150608e-02 8.928571428571396851e-03 0.000000000000000000e+00 6.250000000000000000e-02 0.000000000000000000e+00 4.379562043795615089e-02 0.000000000000000000e+00 4.895104895104895881e-02 1.877934272300474383e-02 2.777777777777779011e-02 1.333333333333333037e-01 0.000000000000000000e+00 4.000000000000003553e-02 4.020100502512558016e-02 9.900990099009909784e-03 2.857142857142858094e-02 1.824817518248178505e-02 1.612903225806450180e-02 3.658536585365856908e-02 9.411764705882352811e-02 2.380952380952383596e-02 1.149425287356320435e-02 4.255319148936165252e-02 2.952029520295207377e-02 1.652892561983465569e-02 1.351351351351348651e-02 6.034482758620685061e-02 4.000000000000003553e-02 0.000000000000000000e+00 1.639344262295083787e-02 2.564102564102566095e-02 2.777777777777779011e-02 7.142857142857139685e-02 3.225806451612900361e-02 3.676470588235292158e-02 9.478672985781977367e-03 0.000000000000000000e+00 2.941176470588235947e-02 3.108808290155440357e-02 1.097560975609755962e-01 4.651162790697671578e-02 2.272727272727270709e-02 7.692307692307687184e-02 1.822323462414576767e-02 0.000000000000000000e+00 2.941176470588235947e-02 4.761904761904767192e-02 5.357142857142860315e-02 2.040816326530614511e-02 1.351351351351348651e-02 3.174603174603174427e-02 2.380952380952383596e-02 2.134146341463416530e-02 1.249999999999995559e-02 0.000000000000000000e+00 4.210526315789475671e-02 2.857142857142858094e-02 1.785714285714290472e-02 0.000000000000000000e+00 1.785714285714290472e-02 4.000000000000003553e-02 2.702702702702697302e-02 2.500000000000002220e-02 4.519774011299437788e-02 2.222222222222225430e-02 2.222222222222225430e-02 4.054054054054057055e-02 2.222222222222225430e-02 0.000000000000000000e+00 8.108108108108114109e-02 0.000000000000000000e+00 0.000000000000000000e+00 9.638554216867467606e-02 2.597402597402598268e-02 2.564102564102566095e-02 2.500000000000002220e-02 2.040816326530614511e-02 3.846153846153843592e-02 1.639344262295083787e-02 0.000000000000000000e+00 1.910828025477706582e-02 0.000000000000000000e+00 2.768166089965395926e-02 4.545454545454541417e-02 0.000000000000000000e+00 1.153846153846154188e-01 4.166666666666662966e-02 8.849557522123907560e-03 6.250000000000000000e-02 2.380952380952383596e-02 1.034482758620689502e-01
2.752293577981657080e-02 7.096774193548383014e-02 1.709401709401714431e-02 2.150537634408600240e-02 5.699481865284972137e-02 2.400000000000002132e-02 6.185567010309278579e-02 1.000000000000000000e+00 9.352517985611508156e-02 2.453987730061346628e-02 7.228915662650603480e-02 1.041666666666662966e-02 4.895104895104895881e-02 0.000000000000000000e+00 7.216494845360821309e-02 0.000000000000000000e+00 5.911330049261087627e-02 4.059040590405904592e-02 2.040816326530614511e-02 0.000000000000000000e+00 0.000000000000000000e+00 5.000000000000004441e-02 3.816793893129766246e-02 3.086419753086422357e-02 3.007518796992481036e-02 4.559270516717328636e-02 0.000000000000000000e+00 4.895104895104895881e-02 5.333333333333334370e-02 5.882352941176471894e-02 1.324503311258273808e-02 4.587155963302746997e-02 6.501547987616096425e-02 3.296703296703296093e-02 9.389671361502371916e-03 4.362416107382549590e-02 3.539823008849563024e-02 4.166666666666662966e-02 3.252032520325198739e-02 6.944444444444419773e-03 9.900990099009909784e-03 3.603603603603600103e-02 1.041666666666662966e-02 5.102040816326525174e-02 2.583025830258300903e-02 0.000000000000000000e+00 3.092783505154639290e-02 4.044943820224722320e-02 6.122448979591832430e-02 9.174311926605449585e-03 1.851851851851848973e-02 8.870967741935487094e-02 4.918032786885251362e-02 0.000000000000000000e+00 0.000000000000000000e+00 7.377049180327865940e-02 8.130081300813052358e-03 4.285714285714281591e-02 5.392156862745101087e-02 2.362204724409444623e-02 9.345794392523365524e-03 6.382978723404253429e-02 2.097902097902093477e-02 1.000000000000000888e-02 4.458598726114648692e-02 2.020202020202022108e-02 3.389830508474578341e-02 3.125000000000000000e-02 7.017543859649122417e-02 1.739130434782609758e-02 1.980198019801981957e-02 3.921568627450977562e-02 4.166666666666662966e-02 2.777777777777779011e-02 4.950495049504954892e-03 5.185185185185181567e-02 9.090909090909038426e-03 5.714285714285671780e-03 0.000000000000000000e+00 3.669724770642202039e-02 2.222222222222225430e-02 9.859154929577462756e-02 2.127659574468088177e-02 1.941747572815533118e-02 9.523809523809489974e-03 2.678571428571430157e-02 2.586206896551723755e-02 3.252032520325198739e-02 4.301075268817200481e-02 6.635071090047395259e-02 1.801801801801805603e-02 4.322766570605185432e-02 4.629629629629627985e-02 0.000000000000000000e+00 1.343283582089551675e-01 5.263157894736836262e-02 1.704545454545458583e-02 1.020408163265307255e-02 6.338028169014087165e-02 4.032258064516125451e-02
5.494505494505497190e-02 5.633802816901412047e-02 6.185567010309278579e-02 2.597402597402598268e-02 6.818181818181812126e-02 3.703703703703697947e-02 4.819277108433739354e-02 9.352517985611508156e-02 1.000000000000000000e+00 6.000000000000005329e-02 7.284768211920533698e-02 0.000000000000000000e+00 3.875968992248057798e-02 1.234567901234573384e-02 9.714285714285719742e-02 2.272727272727270709e-02 8.743169398907102430e-02 5.976095617529875170e-02 5.405405405405405705e-02 2.469135802469135665e-02 2.500000000000002220e-02 5.761316872427979519e-02 5.349794238683125425e-02 7.092198581560282822e-02 6.140350877192979340e-02 3.797468354430377779e-02 1.818181818181818787e-02 6.349206349206348854e-02 5.185185185185181567e-02 5.747126436781613279e-02 3.787878787878784514e-02 8.888888888888890616e-02 5.466237942122187388e-02 3.614457831325301740e-02 2.577319587628867925e-02 7.272727272727275150e-02 7.446808510638303069e-02 2.290076335877866409e-02 5.714285714285716189e-02 2.380952380952383596e-02 3.614457831325301740e-02 3.381642512077298601e-02 5.194805194805196535e-02 2.702702702702697302e-02 2.343750000000000000e-02 0.000000000000000000e+00 2.439024390243904605e-02 6.175771971496435420e-02 7.692307692307687184e-02 3.296703296703296093e-02 4.444444444444439757e-02 4.385964912280704286e-02 4.862579281183931901e-02 1.098901098901094997e-02 5.000000000000004441e-02 1.386138613861386260e-01 7.999999999999996003e-02 6.079027355623101148e-02 4.736842105263161518e-02 1.785714285714290472e-02 3.370786516853929715e-02 4.918032786885251362e-02 5.691056910569103344e-02 4.938271604938271331e-02 8.029197080291972100e-02 2.409638554216864126e-02 2.912621359223299677e-02 6.422018348623859119e-02 6.000000000000005329e-02 6.315789473684207955e-02 2.352941176470590978e-02 5.882352941176471894e-02 6.363636363636360205e-02 3.260869565217394683e-02 3.888888888888886175e-02 1.559633027522935311e-01 2.150537634408600240e-02 3.896103896103897402e-02 1.136363636363635354e-02 1.279069767441860517e-01 5.172413793103447510e-02 1.199999999999999956e-01 1.587301587301581662e-02 4.705882352941181956e-02 4.651162790697671578e-02 4.210526315789475671e-02 3.000000000000002665e-02 4.716981132075470651e-02 2.531645569620255554e-02 1.117021276595744350e-01 3.191489361702126715e-02 4.848484848484846399e-02 4.477611940298509285e-02 0.000000000000000000e+00 1.147540983606557541e-01 7.826086956521738358e-02 2.515723270440251014e-02 2.469135802469135665e-02 9.756097560975607319e-02 5.607476635514019314e-02
4.119850187265916563e-02 7.443365695792880654e-02 7.142857142857139685e-02 1.953125000000000000e-02 3.064066852367686167e-02 5.000000000000004441e-02 1.509433962264150608e-02 2.453987730061346628e-02 6.000000000000005329e-02 1.000000000000000000e+00 8.517350157728709181e-02 7.662835249042099228e-03 9.342560553633216802e-02 1.149425287356320435e-02 8.092485549132943934e-02 3.690036900368953710e-03 9.482758620689657469e-02 1.144278606965174472e-01 1.182795698924731242e-01 1.923076923076927347e-02 1.149425287356320435e-02 1.343669250645994628e-01 1.005025125628140614e-01 7.766990291262132473e-02 7.067137809187284958e-02 1.333333333333333037e-01 6.137184115523464101e-02 6.397306397306401493e-02 4.516129032258064946e-02 1.858736059479548786e-02 7.407407407407406996e-02 2.189781021897807545e-02 9.913793103448276245e-02 8.923076923076922462e-02 9.169054441260748867e-02 1.330166270783847970e-01 6.390977443609024977e-02 4.983388704318936213e-02 1.736111111111116045e-02 6.506849315068496953e-02 1.901140684410651538e-02 1.445086705202311972e-01 1.544401544401541315e-02 1.272727272727272041e-01 1.127819548872179833e-01 0.000000000000000000e+00 1.140684410646386482e-02 1.713221601489758328e-01 6.976744186046512919e-02 1.470588235294112422e-02 1.470588235294112422e-02 2.730375426621156620e-02 1.024390243902438824e-01 2.621722846441942867e-02 1.915708812260541460e-02 4.577464788732399370e-02 2.473498233215543074e-02 1.419354838709677713e-01 7.627118644067798492e-02 4.593639575971730782e-02 3.663003663003649990e-03 1.207920792079207883e-01 3.311258278145690070e-02 1.908396946564883123e-02 7.491856677524433294e-02 1.520912547528519010e-02 3.225806451612900361e-02 3.832752613240419937e-02 2.491103202846978171e-02 2.166064981949455959e-02 3.065134099616861896e-02 2.641509433962263564e-02 1.182795698924731242e-01 2.592592592592590783e-02 1.047904191616766401e-01 3.010033444816051507e-02 1.838235294117651630e-02 1.067961165048543215e-01 1.119402985074624546e-02 4.494382022471909988e-02 3.754266211604095904e-02 4.545454545454541417e-02 4.729729729729725829e-02 3.435114503816794063e-02 7.407407407407418098e-03 2.181818181818184765e-02 2.517985611510786814e-02 5.395683453237409832e-02 1.937984496124034450e-02 8.913649025069636522e-02 4.104477611940293702e-02 1.403887688984881699e-01 8.587257617728527581e-02 7.692307692307664979e-03 4.950495049504954892e-02 5.517241379310344751e-02 3.915662650602413919e-02 3.112840466926070082e-02 3.934426229508192208e-02 6.884057971014490018e-02
8.264462809917327846e-03 6.024096385542165866e-02 4.032258064516125451e-02 1.941747572815533118e-02 7.000000000000006217e-02 2.222222222222225430e-02 8.928571428571396851e-03 7.228915662650603480e-02 7.284768211920533698e-02 8.517350157728709181e-02 1.000000000000000000e+00 1.904761904761909097e-02 1.910828025477706582e-02 1.886792452830188260e-02 1.010101010101009944e-01 8.695652173912993277e-03 4.651162790697671578e-02 3.914590747330959353e-02 4.417670682730923115e-02 2.830188679245282390e-02 0.000000000000000000e+00 9.266409266409270096e-02 2.919708029197076726e-02 7.272727272727275150e-02 4.255319148936165252e-02 5.044510385756673099e-02 2.222222222222225430e-02 1.034482758620689502e-01 2.439024390243904605e-02 4.424778761061942678e-02 5.844155844155840551e-02 2.479338842975209456e-02 5.988023952095811175e-02 6.451612903225800721e-02 5.140186915887845487e-02 5.245901639344263678e-02 6.722689075630250422e-02 6.666666666666665186e-02 4.580152671755721716e-02 1.307189542483655487e-02 1.818181818181818787e-02 1.694915254237283619e-02 1.904761904761909097e-02 6.930693069306936849e-02 4.347826086956518843e-02 8.547008547008516643e-03 4.761904761904767192e-02 6.292134831460671762e-02 6.060606060606099632e-03 0.000000000000000000e+00 8.403361344537785271e-03 1.398601398601395651e-02 4.819277108433739354e-02 8.547008547008516643e-03 4.761904761904767192e-02 8.461538461538464784e-02 5.511811023622048555e-02 6.232294617563738370e-02 3.686635944700455969e-02 2.189781021897807545e-02 8.547008547008516643e-03 3.797468354430377779e-02 5.405405405405405705e-02 1.834862385321101019e-02 5.454545454545456362e-02 1.834862385321101019e-02 3.125000000000000000e-02 2.898550724637682929e-02 5.600000000000004974e-02 2.419354838709675271e-02 4.629629629629627985e-02 6.422018348623859119e-02 3.585657370517925102e-02 5.217391304347829273e-02 3.398058252427182957e-02 7.042253521126762283e-02 5.217391304347829273e-02 6.896551724137933714e-02 8.771929824561430777e-03 4.237288135593220151e-02 2.068965517241383445e-02 7.096774193548383014e-02 2.666666666666661634e-02 3.603603603603600103e-02 2.654867256637172268e-02 1.626016260162599369e-02 1.574803149606296415e-02 4.580152671755721716e-02 2.884615384615385469e-02 1.032863849765258690e-01 4.237288135593220151e-02 7.204610951008649788e-02 8.547008547008516643e-03 9.523809523809489974e-03 8.724832214765099181e-02 7.142857142857139685e-02 1.069518716577544382e-02 1.869158878504673105e-02 3.205128205128204844e-02 4.511278195488721554e-02
0.000000000000000000e+00 1.063829787234038537e-02 2.127659574468088177e-02 0.000000000000000000e+00 0.000000000000000000e+00 0.000000000000000000e+00 0.000000000000000000e+00 1.041666666666662966e-02 0.000000000000000000e+00 7.662835249042099228e-03 1.904761904761909097e-02 1.000000000000000000e+00 1.282051282051277497e-02 0.000000000000000000e+00 0.000000000000000000e+00 0.000000000000000000e+00 0.000000000000000000e+00 4.761904761904744987e-03 1.704545454545458583e-02 0.000000000000000000e+00 0.000000000000000000e+00 1.000000000000000888e-02 1.515151515151513806e-02 2.127659574468088177e-02 0.000000000000000000e+00 7.380073800738018441e-03 3.636363636363637575e-02 2.597402597402598268e-02 1.162790697674420670e-02 0.000000000000000000e+00 0.000000000000000000e+00 2.380952380952383596e-02 2.247191011235960545e-02 8.620689655172375510e-03 1.408450704225350236e-02 1.265822784810122226e-02 2.222222222222225430e-02 1.282051282051277497e-02 0.000000000000000000e+00 1.369863013698635612e-02 0.000000000000000000e+00 1.923076923076927347e-02 0.000000000000000000e+00 2.272727272727270709e-02 4.854368932038832796e-03 0.000000000000000000e+00 7.407407407407406996e-02 1.291989664082682232e-02 1.190476190476186247e-02 0.000000000000000000e+00 0.000000000000000000e+00 0.000000000000000000e+00 4.555808656036441917e-03 2.777777777777779011e-02 3.571428571428569843e-02 1.694915254237283619e-02 1.923076923076927347e-02 1.730103806228378005e-02 6.993006993006978256e-03 0.000000000000000000e+00 0.000000000000000000e+00 1.857585139318884693e-02 0.000000000000000000e+00 0.000000000000000000e+00 0.000000000000000000e+00 0.000000000000000000e+00 6.250000000000000000e-02 1.666666666666671848e-02 0.000000000000000000e+00 0.000000000000000000e+00 0.000000000000000000e+00 0.000000000000000000e+00 5.617977528089901362e-03 2.564102564102566095e-02 0.000000000000000000e+00 1.428571428571423496e-02 0.000000000000000000e+00 1.941747572815533118e-02 0.000000000000000000e+00 2.439024390243904605e-02 3.076923076923077094e-02 1.190476190476186247e-02 0.000000000000000000e+00 0.000000000000000000e+00 0.000000000000000000e+00 0.000000000000000000e+00 0.000000000000000000e+00 3.703703703703697947e-02 0.000000000000000000e+00 1.315789473684214617e-02 2.439024390243904605e-02 6.920415224913489816e-03 0.000000000000000000e+00 0.000000000000000000e+00 1.249999999999995559e-02 4.545454545454541417e-02 5.882352941176471894e-02 0.000000000000000000e+00 1.265822784810122226e-02 1.754385964912286155e-02
2.173913043478259421e-02 7.246376811594201772e-02 5.208333333333337034e-02 4.054054054054057055e-02 4.494382022471909988e-02 2.803738317757009657e-02 6.250000000000000000e-02 4.895104895104895881e-02 3.875968992248057798e-02 9.342560553633216802e-02 1.910828025477706582e-02 1.282051282051277497e-02 1.000000000000000000e+00 1.265822784810122226e-02 4.972375690607733212e-02 2.325581395348841340e-02 1.193181818181818787e-01 1.046025104602510414e-01 6.912442396313367432e-02 1.249999999999995559e-02 2.564102564102566095e-02 6.694560669456062207e-02 9.012875536480691174e-02 7.194244604316546443e-02 1.121495327102803863e-01 4.153354632587857864e-02 4.761904761904767192e-02 1.538461538461532996e-02 1.023622047244094890e-01 4.651162790697671578e-02 2.272727272727270709e-02 2.127659574468088177e-02 4.487179487179482340e-02 2.409638554216864126e-02 3.141361256544505931e-02 8.118081180811809183e-02 0.000000000000000000e+00 7.633587786259554697e-03 1.869158878504673105e-02 1.238938053097344838e-01 1.204819277108437614e-02 1.216931216931216309e-01 0.000000000000000000e+00 8.670520231213874052e-02 1.562500000000000000e-02 0.000000000000000000e+00 1.234567901234573384e-02 7.228915662650603480e-02 8.661417322834641386e-02 1.098901098901094997e-02 0.000000000000000000e+00 6.363636363636360205e-02 5.106382978723400523e-02 0.000000000000000000e+00 1.234567901234573384e-02 3.669724770642202039e-02 2.912621359223299677e-02 6.441717791411039062e-02 2.604166666666662966e-02 9.803921568627449457e-02 0.000000000000000000e+00 4.087193460490468055e-02 7.874015748031482076e-03 1.219512195121952303e-02 6.569343065693433736e-02 2.469135802469135665e-02 9.708737864077665591e-03 0.000000000000000000e+00 1.960784313725494332e-02 2.061855670103096561e-02 1.190476190476186247e-02 3.529411764705880916e-02 6.422018348623859119e-02 2.197802197802201096e-02 5.714285714285716189e-02 4.201680672268903738e-02 0.000000000000000000e+00 1.935483870967746878e-02 0.000000000000000000e+00 2.150537634408600240e-02 2.564102564102566095e-02 4.545454545454541417e-02 5.000000000000004441e-02 3.571428571428569843e-02 0.000000000000000000e+00 5.434782608695654105e-02 3.061224489795921766e-02 1.869158878504673105e-02 2.597402597402598268e-02 5.076142131979699545e-02 1.063829787234038537e-02 6.501547987616096425e-02 1.122994652406417160e-01 0.000000000000000000e+00 7.199999999999995293e-02 2.521008403361346684e-02 1.257861635220125507e-02 3.846153846153843592e-02 6.400000000000005684e-02 8.823529411764707842e-02
2.439024390243904605e-02 2.127659574468088177e-02 2.083333333333337034e-02 0.000000000000000000e+00 3.875968992248057798e-02 3.571428571428569843e-02 0.000000000000000000e+00 0.000000000000000000e+00 1.234567901234573384e-02 1.149425287356320435e-02 1.886792452830188260e-02 0.000000000000000000e+00 1.265822784810122226e-02 1.000000000000000000e+00 2.985074626865669156e-02 0.000000000000000000e+00 6.944444444444419773e-03 9.523809523809489974e-03 2.272727272727270709e-02 3.571428571428569843e-02 0.000000000000000000e+00 2.010050251256279008e-02 4.975124378109430090e-03 2.105263157894732284e-02 1.515151515151513806e-02 0.000000000000000000e+00 1.754385964912286155e-02 5.263157894736836262e-02 2.325581395348841340e-02 8.571428571428574283e-02 0.000000000000000000e+00 2.325581395348841340e-02 2.238805970149249092e-02 8.547008547008516643e-03 2.112676056338025354e-02 1.687763713080170369e-02 0.000000000000000000e+00 2.564102564102566095e-02 9.615384615384614531e-02 0.000000000000000000e+00 6.666666666666665186e-02 1.265822784810122226e-02 0.000000000000000000e+00 1.492537313432840129e-02 9.708737864077665591e-03 2.702702702702697302e-02 0.000000000000000000e+00 1.028277634961438647e-02 1.176470588235289938e-02 2.564102564102566095e-02 0.000000000000000000e+00 1.562500000000000000e-02 2.267573696145164241e-03 0.000000000000000000e+00 7.142857142857139685e-02 5.172413793103447510e-02 3.846153846153843592e-02 2.076124567474046945e-02 2.112676056338025354e-02 0.000000000000000000e+00 2.702702702702697302e-02 6.097560975609761513e-03 1.014492753623188470e-01 3.333333333333332593e-02 2.173913043478259421e-02 3.333333333333332593e-02 0.000000000000000000e+00 3.333333333333332593e-02 0.000000000000000000e+00 1.190476190476190688e-01 3.125000000000000000e-02 0.000000000000000000e+00 2.272727272727270709e-02 2.500000000000002220e-02 0.000000000000000000e+00 2.857142857142858094e-02 1.388888888888888395e-01 9.523809523809489974e-03 0.000000000000000000e+00 2.380952380952383596e-02 0.000000000000000000e+00 3.614457831325301740e-02 2.777777777777779011e-02 0.000000000000000000e+00 0.000000000000000000e+00 4.651162790697671578e-02 0.000000000000000000e+00 3.636363636363637575e-02 0.000000000000000000e+00 1.973684210526316374e-02 2.380952380952383596e-02 1.742160278745641389e-02 6.451612903225822926e-03 0.000000000000000000e+00 2.500000000000002220e-02 6.060606060606055223e-02 9.259259259259300379e-03 7.407407407407406996e-02 6.578947368421050879e-02 0.000000000000000000e+00
1.333333333333330817e-02 8.994708994708999761e-02 7.432432432432434233e-02 1.503759398496240518e-02 6.086956521739128601e-02 3.703703703703697947e-02 4.379562043795615089e-02 7.216494845360821309e-02 9.714285714285719742e-02 8.092485549132943934e-02 1.010101010101009944e-01 0.000000000000000000e+00 4.972375690607733212e-02 2.985074626865669156e-02 1.000000000000000000e+00 1.388888888888883955e-02 1.233480176211453339e-01 4.885993485342021714e-02 7.806691449814129324e-02 5.303030303030298320e-02 7.299270072992691816e-03 9.824561403508769164e-02 7.216494845360821309e-02 8.376963350785338047e-02 5.988023952095811175e-02 6.077348066298338125e-02 1.204819277108437614e-02 8.571428571428574283e-02 7.608695652173913526e-02 2.777777777777779011e-02 4.324324324324324564e-02 5.479452054794520244e-02 7.865168539325839703e-02 4.587155963302746997e-02 4.938271604938271331e-02 1.142857142857143238e-01 6.081081081081085582e-02 7.344632768361580855e-02 5.696202531645566669e-02 2.209944751381209826e-02 3.649635036496345908e-02 7.569721115537852985e-02 3.787878787878784514e-02 7.423580786026207079e-02 3.921568627450977562e-02 6.802721088435381702e-03 2.189781021897807545e-02 1.079295154185022643e-01 6.521739130434778264e-02 2.040816326530614511e-02 6.711409395973144676e-03 7.361963190184050987e-02 6.769825918762084616e-02 1.369863013698635612e-02 2.941176470588235947e-02 1.103896103896103709e-01 1.863354037267084262e-02 7.427055702917773061e-02 3.658536585365856908e-02 3.658536585365856908e-02 1.369863013698635612e-02 6.280193236714981531e-02 8.771929824561408573e-02 2.919708029197076726e-02 1.027027027027027639e-01 2.173913043478259421e-02 2.531645569620255554e-02 2.380952380952383596e-02 3.846153846153843592e-02 6.081081081081085582e-02 3.623188405797106437e-02 3.546099290780146962e-02 9.848484848484850840e-02 2.027027027027028527e-02 4.291845493562229663e-02 6.432748538011701100e-02 8.633093525179857952e-02 4.347826086956518843e-02 2.836879432624117570e-02 5.517241379310344751e-02 2.298850574712640871e-02 9.497206703910610059e-02 6.976744186046512919e-02 5.072463768115942351e-02 3.546099290780146962e-02 6.896551724137933714e-02 5.298013245033117435e-02 3.726708074534157422e-02 2.238805970149249092e-02 1.572052401746725225e-01 2.000000000000001776e-02 1.013698630136986578e-01 7.258064516129036914e-02 0.000000000000000000e+00 1.360946745562130467e-01 1.042944785276073150e-01 1.388888888888883955e-02 3.731343283582089221e-02 9.142857142857141461e-02 6.289308176100627534e-02
2.040816326530614511e-02 0.000000000000000000e+00 1.785714285714290472e-02 0.000000000000000000e+00 2.158273381294961712e-02 0.000000000000000000e+00 0.000000000000000000e+00 0.000000000000000000e+00 2.272727272727270709e-02 3.690036900368953710e-03 8.695652173912993277e-03 0.000000000000000000e+00 2.325581395348841340e-02 0.000000000000000000e+00 1.388888888888883955e-02 1.000000000000000000e+00 6.578947368421017572e-03 2.325581395348841340e-02 3.296703296703296093e-02 0.000000000000000000e+00 9.090909090909093937e-02 4.761904761904744987e-03 4.784688995215335972e-03 2.941176470588235947e-02 4.166666666666662966e-02 7.142857142857117481e-03 1.538461538461532996e-02 0.000000000000000000e+00 0.000000000000000000e+00 0.000000000000000000e+00 2.247191011235960545e-02 0.000000000000000000e+00 3.558718861209952955e-03 1.612903225806450180e-02 0.000000000000000000e+00 1.219512195121952303e-02 0.000000000000000000e+00 3.529411764705880916e-02 6.557377049180324047e-02 0.000000000000000000e+00 2.564102564102566095e-02 0.000000000000000000e+00 6.060606060606055223e-02 1.408450704225350236e-02 1.886792452830188260e-02 0.000000000000000000e+00 0.000000000000000000e+00 2.035623409669207184e-02 0.000000000000000000e+00 0.000000000000000000e+00 0.000000000000000000e+00 1.388888888888883955e-02 1.809954751131226391e-02 0.000000000000000000e+00 0.000000000000000000e+00 1.470588235294112422e-02 0.000000000000000000e+00 6.644518272425292693e-03 6.578947368421017572e-03 1.492537313432840129e-02 0.000000000000000000e+00 5.952380952380931234e-03 1.199999999999999956e-01 2.631578947368418131e-02 3.030303030303027612e-02 0.000000000000000000e+00 0.000000000000000000e+00 0.000000000000000000e+00 1.694915254237283619e-02 3.773584905660376521e-02 0.000000000000000000e+00 2.325581395348841340e-02 2.173913043478259421e-02 0.000000000000000000e+00 3.676470588235292158e-02 1.265822784810122226e-02 4.255319148936165252e-02 8.849557522123907560e-03 0.000000000000000000e+00 2.000000000000001776e-02 0.000000000000000000e+00 1.075268817204300120e-02 3.797468354430377779e-02 0.000000000000000000e+00 2.325581395348841340e-02 3.921568627450977562e-02 0.000000000000000000e+00 0.000000000000000000e+00 0.000000000000000000e+00 1.242236024844722841e-02 0.000000000000000000e+00 3.806228373702424950e-02 2.500000000000002220e-02 0.000000000000000000e+00 2.272727272727270709e-02 0.000000000000000000e+00 0.000000000000000000e+00 0.000000000000000000e+00 0.000000000000000000e+00 0.000000000000000000e+00
